-0.0635941,-0.0373666,-0.025784,-0.0192361,-0.0146249,-0.0110584,-0.0081485,-0.00569021,-0.00356181,-0.00168506,-6.63644e-06,0.00151142,0.00289713,0.00417173,0.00535174,0.00645023,0.00747775,0.00844292,0.00935287,0.0102136,0.0110301,0.0118068,0.0125473,0.0132549,0.0139324,0.0145822,0.0152065,0.0158072,0.0163861,0.0169446,0.0174842,0.0180061,0.0185115,0.0190013,0.0194764,0.0199378,0.0203862,0.0208223,0.0212467,0.0216602,0.0220631,0.0224562,0.0228397,0.0232142,0.0235801,0.0239378,0.0242876,0.0246299,0.024965,0.0252932,0.0254561,0.0254626,0.0254756,0.025495,0.0255208,0.0255529,0.0255913,0.0256359,0.0256865,0.0257431,0.0258055,0.0258736,0.0259472,0.0260262,0.0261104,0.0261996,0.0262937,0.0263924,0.0264957,0.0266032,0.0267149,0.0268305,0.0269498,0.0270726,0.0271988,0.0273282,0.0274606,0.0275957,0.0277335,0.0278737,0.0280162,0.0281608,0.0283074,0.0284558,0.0286058,0.0287574,0.0289103,0.0290645,0.0292198,0.0293761,0.0293571,0.0291618,0.0289658,0.0287691,0.0285718,0.028374,0.0281757,0.0279772,0.0277784,0.0275795,0.0273805,0.0271817,0.0269832,0.0267851,0.0265876,0.0263908,0.026195,0.0260003,0.0258069,0.0256151,0.025425,0.025237,0.0250513,0.0248681,0.0246878,0.0245106,0.0243368,0.0241668,0.0240009,0.0238395,0.0236828,0.0235312,0.0233851,0.0232449,0.0231109,0.0229834,0.0228629,0.0227497,0.022644,0.0225463,0.0224569,0.022376,0.022304,0.022241,0.0221873,0.0221431,0.0221086,0.0220838,0.0220689,0.022064,0.0218642,0.0214561,0.0210373,0.0206072,0.0201651,0.0197105,0.0192424,0.0187601,0.0182628,0.0177495,0.017219,0.0166702,0.0161019,0.0155125,0.0149004,0.0142639,0.0136008,0.012909,0.0121857,0.0114279,0.0106323,0.00979486,0.00891089,0.00797496,0.00698057,0.00591993,0.0047836,0.00355994,0.00223442,0.000788566,-0.000801638,-0.00256817,-0.00455496,-0.00682462,-0.00947081,-0.0126427,-0.0165989,-0.0218465,-0.0295695,-0.0419761
-0.0373666,-0.0635941,-0.0373666,-0.025784,-0.0192361,-0.0146249,-0.0110584,-0.0081485,-0.00569021,-0.00356181,-0.00168506,-6.63644e-06,0.00151142,0.00289713,0.00417173,0.00535174,0.00645023,0.00747775,0.00844292,0.00935287,0.0102136,0.0110301,0.0118068,0.0125473,0.0132549,0.0139324,0.0145822,0.0152065,0.0158072,0.0163861,0.0169446,0.0174842,0.0180061,0.0185115,0.0190013,0.0194764,0.0199378,0.0203862,0.0208223,0.0212467,0.0216602,0.0220631,0.0224562,0.0228397,0.0232142,0.0235801,0.0239378,0.0242876,0.0246299,0.024965,0.0251314,0.0251381,0.0251516,0.0251718,0.0251987,0.0252322,0.0252722,0.0253185,0.0253712,0.0254301,0.025495,0.0255657,0.0256422,0.0257243,0.0258117,0.0259043,0.0260019,0.0261044,0.0262114,0.0263228,0.0264385,0.0265581,0.0266815,0.0268086,0.026939,0.0270726,0.0272093,0.0273487,0.0274908,0.0276353,0.0277821,0.027931,0.0280818,0.0282344,0.0283887,0.0285444,0.0287014,0.0288597,0.029019,0.0291792,0.0291618,0.0289658,0.0287691,0.0285718,0.028374,0.0281757,0.0279772,0.0277784,0.0275795,0.0273805,0.0271817,0.0269832,0.0267851,0.0265876,0.0263908,0.026195,0.0260003,0.0258069,0.0256151,0.025425,0.025237,0.0250513,0.0248681,0.0246878,0.0245106,0.0243368,0.0241668,0.0240009,0.0238395,0.0236828,0.0235312,0.0233851,0.0232449,0.0231109,0.0229834,0.0228629,0.0227497,0.022644,0.0225463,0.0224569,0.022376,0.022304,0.022241,0.0221873,0.0221431,0.0221086,0.0220838,0.0220689,0.022064,0.0220689,0.0218744,0.0214669,0.0210487,0.0206192,0.0201778,0.0197238,0.0192566,0.0187752,0.0182788,0.0177665,0.0172373,0.0166898,0.0161229,0.0155351,0.0149249,0.0142904,0.0136296,0.0129404,0.01222,0.0114657,0.0106741,0.00984123,0.00896269,0.00803321,0.00704654,0.00599527,0.00487045,0.00366115,0.00235386,0.000931625,-0.000627223,-0.0023509,-0.00427697,-0.00645665,-0.00896155,-0.0118938,-0.0153981,-0.019653,-0.0246753,-0.0291453
-0.025784,-0.0373666,-0.0635941,-0.0373666,-0.025784,-0.0192361,-0.0146249,-0.0110584,-0.0081485,-0.00569021,-0.00356181,-0.00168506,-6.63644e-06,0.00151142,0.00289713,0.00417173,0.00535174,0.00645023,0.00747775,0.00844292,0.00935287,0.0102136,0.0110301,0.0118068,0.0125473,0.0132549,0.0139324,0.0145822,0.0152065,0.0158072,0.0163861,0.0169446,0.0174842,0.0180061,0.0185115,0.0190013,0.0194764,0.0199378,0.0203862,0.0208223,0.0212467,0.0216602,0.0220631,0.0224562,0.0228397,0.0232142,0.0235801,0.0239378,0.0242876,0.0246299,0.0247998,0.0248069,0.0248209,0.024842,0.02487,0.0249049,0.0249466,0.0249949,0.0250497,0.025111,0.0251785,0.0252522,0.0253317,0.025417,0.0255079,0.0256041,0.0257054,0.0258117,0.0259227,0.0260382,0.026158,0.0262819,0.0264097,0.0265411,0.026676,0.026814,0.0269551,0.0270991,0.0272456,0.0273946,0.0275459,0.0276992,0.0278545,0.0280115,0.02817,0.02833,0.0284913,0.0286537,0.0288172,0.0289815,0.0289658,0.0287691,0.0285718,0.028374,0.0281757,0.0279772,0.0277784,0.0275795,0.0273805,0.0271817,0.0269832,0.0267851,0.0265876,0.0263908,0.026195,0.0260003,0.0258069,0.0256151,0.025425,0.025237,0.0250513,0.0248681,0.0246878,0.0245106,0.0243368,0.0241668,0.0240009,0.0238395,0.0236828,0.0235312,0.0233851,0.0232449,0.0231109,0.0229834,0.0228629,0.0227497,0.022644,0.0225463,0.0224569,0.022376,0.022304,0.022241,0.0221873,0.0221431,0.0221086,0.0220838,0.0220689,0.022064,0.0220689,0.0220838,0.0218948,0.0214883,0.0210712,0.020643,0.0202029,0.0197505,0.0192848,0.0188052,0.0183108,0.0178006,0.0172737,0.0167288,0.0161648,0.0155802,0.0149735,0.014343,0.0136868,0.0130027,0.0122883,0.0115407,0.0107569,0.00993316,0.00906529,0.00814843,0.00717686,0.00614384,0.00504135,0.00385978,0.00258748,0.00121023,-0.000289497,-0.00193345,-0.00374866,-0.00576843,-0.00803222,-0.0105813,-0.0134394,-0.0165474,-0.0195796,-0.0216581
-0.0192361,-0.025784,-0.0373666,-0.0635941,-0.0373666,-0.025784,-0.0192361,-0.0146249,-0.0110584,-0.0081485,-0.00569021,-0.00356181,-0.00168506,-6.63644e-06,0.00151142,0.00289713,0.00417173,0.00535174,0.00645023,0.00747775,0.00844292,0.00935287,0.0102136,0.0110301,0.0118068,0.0125473,0.0132549,0.0139324,0.0145822,0.0152065,0.0158072,0.0163861,0.0169446,0.0174842,0.0180061,0.0185115,0.0190013,0.0194764,0.0199378,0.0203862,0.0208223,0.0212467,0.0216602,0.0220631,0.0224562,0.0228397,0.0232142,0.0235801,0.0239378,0.0242876,0.0244612,0.0244686,0.0244833,0.0245053,0.0245345,0.0245709,0.0246143,0.0246647,0.0247218,0.0247857,0.024856,0.0249327,0.0250155,0.0251042,0.0251987,0.0252987,0.0254039,0.0255143,0.0256295,0.0257493,0.0258735,0.0260019,0.0261342,0.0262702,0.0264097,0.0265524,0.0266982,0.0268468,0.026998,0.0271517,0.0273076,0.0274656,0.0276254,0.0277869,0.02795,0.0281144,0.0282801,0.0284468,0.0286145,0.028783,0.0287691,0.0285718,0.028374,0.0281757,0.0279772,0.0277784,0.0275795,0.0273805,0.0271817,0.0269832,0.0267851,0.0265876,0.0263908,0.026195,0.0260003,0.0258069,0.0256151,0.025425,0.025237,0.0250513,0.0248681,0.0246878,0.0245106,0.0243368,0.0241668,0.0240009,0.0238395,0.0236828,0.0235312,0.0233851,0.0232449,0.0231109,0.0229834,0.0228629,0.0227497,0.022644,0.0225463,0.0224569,0.022376,0.022304,0.022241,0.0221873,0.0221431,0.0221086,0.0220838,0.0220689,0.022064,0.0220689,0.0220838,0.0221086,0.0219252,0.0215203,0.021105,0.0206786,0.0202406,0.0197903,0.019327,0.01885,0.0183585,0.0178515,0.017328,0.0167869,0.0162272,0.0156473,0.0150459,0.0144214,0.0137719,0.0130954,0.0123896,0.011652,0.0108796,0.0100691,0.00921675,0.0083182,0.00736842,0.00636161,0.00529101,0.00414871,0.00292551,0.00161062,0.000191574,-0.00134581,-0.00301692,-0.0048368,-0.00681577,-0.00894893,-0.0111925,-0.0134162,-0.015335,-0.016497
-0.0146249,-0.0192361,-0.025784,-0.0373666,-0.0635941,-0.0373666,-0.025784,-0.0192361,-0.0146249,-0.0110584,-0.0081485,-0.00569021,-0.00356181,-0.00168506,-6.63644e-06,0.00151142,0.00289713,0.00417173,0.00535174,0.00645023,0.00747775,0.00844292,0.00935287,0.0102136,0.0110301,0.0118068,0.0125473,0.0132549,0.0139324,0.0145822,0.0152065,0.0158072,0.0163861,0.0169446,0.0174842,0.0180061,0.0185115,0.0190013,0.0194764,0.0199378,0.0203862,0.0208223,0.0212467,0.0216602,0.0220631,0.0224562,0.0228397,0.0232142,0.0235801,0.0239378,0.0241153,0.024123,0.0241383,0.0241613,0.0241918,0.0242297,0.0242751,0.0243276,0.0243873,0.0244538,0.0245272,0.024607,0.0246933,0.0247857,0.024884,0.0249879,0.0250974,0.0252121,0.0253317,0.025456,0.0255849,0.025718,0.025855,0.0259958,0.0261401,0.0262878,0.0264384,0.0265919,0.026748,0.0269065,0.0270673,0.02723,0.0273946,0.0275608,0.0277286,0.0278976,0.0280678,0.028239,0.0284111,0.0285839,0.0285718,0.028374,0.0281757,0.0279772,0.0277784,0.0275795,0.0273805,0.0271817,0.0269832,0.0267851,0.0265876,0.0263908,0.026195,0.0260003,0.0258069,0.0256151,0.025425,0.025237,0.0250513,0.0248681,0.0246878,0.0245106,0.0243368,0.0241668,0.0240009,0.0238395,0.0236828,0.0235312,0.0233851,0.0232449,0.0231109,0.0229834,0.0228629,0.0227497,0.022644,0.0225463,0.0224569,0.022376,0.022304,0.022241,0.0221873,0.0221431,0.0221086,0.0220838,0.0220689,0.022064,0.0220689,0.0220838,0.0221086,0.0221431,0.0219656,0.0215628,0.0211497,0.0207258,0.0202904,0.0198431,0.019383,0.0189094,0.0184216,0.0179187,0.0173998,0.0168638,0.0163096,0.015736,0.0151415,0.0145247,0.0138839,0.0132173,0.0125227,0.0117979,0.0110402,0.0102468,0.0094143,0.00853905,0.00761686,0.00664299,0.00561213,0.0045183,0.00335493,0.00211487,0.000790743,-0.000624426,-0.00213579,-0.0037439,-0.00543929,-0.00719272,-0.00893889,-0.0105548,-0.0118467,-0.0125795
-0.0110584,-0.0146249,-0.0192361,-0.025784,-0.0373666,-0.0635941,-0.0373666,-0.025784,-0.0192361,-0.0146249,-0.0110584,-0.0081485,-0.00569021,-0.00356181,-0.00168506,-6.63644e-06,0.00151142,0.00289713,0.00417173,0.00535174,0.00645023,0.00747775,0.00844292,0.00935287,0.0102136,0.0110301,0.0118068,0.0125473,0.0132549,0.0139324,0.0145822,0.0152065,0.0158072,0.0163861,0.0169446,0.0174842,0.0180061,0.0185115,0.0190013,0.0194764,0.0199378,0.0203862,0.0208223,0.0212467,0.0216602,0.0220631,0.0224562,0.0228397,0.0232142,0.0235801,0.0237616,0.0237697,0.0237857,0.0238097,0.0238416,0.0238813,0.0239286,0.0239835,0.0240458,0.0241153,0.0241917,0.024275,0.0243649,0.0244612,0.0245635,0.0246718,0.0247856,0.0249048,0.0250291,0.0251583,0.025292,0.02543,0.0255721,0.0257179,0.0258673,0.02602,0.0261758,0.0263344,0.0264956,0.0266592,0.0268249,0.0269927,0.0271622,0.0273333,0.0275058,0.0276796,0.0278544,0.0280303,0.0282069,0.0283841,0.028374,0.0281757,0.0279772,0.0277784,0.0275795,0.0273805,0.0271817,0.0269832,0.0267851,0.0265876,0.0263908,0.026195,0.0260003,0.0258069,0.0256151,0.025425,0.025237,0.0250513,0.0248681,0.0246878,0.0245106,0.0243368,0.0241668,0.0240009,0.0238395,0.0236828,0.0235312,0.0233851,0.0232449,0.0231109,0.0229834,0.0228629,0.0227497,0.022644,0.0225463,0.0224569,0.022376,0.022304,0.022241,0.0221873,0.0221431,0.0221086,0.0220838,0.0220689,0.022064,0.0220689,0.0220838,0.0221086,0.0221431,0.0221873,0.0220158,0.0216156,0.0212053,0.0207844,0.0203524,0.0199085,0.0194523,0.018983,0.0184998,0.018002,0.0174887,0.0169588,0.0164115,0.0158454,0.0152593,0.014652,0.0140218,0.0133671,0.012686,0.0119766,0.0112366,0.0104635,0.00965454,0.00880676,0.00791687,0.00698126,0.00599609,0.00495735,0.00386099,0.00270324,0.00148122,0.00019385,-0.00115638,-0.00256059,-0.00399897,-0.00543409,-0.00680255,-0.00800833,-0.0089264,-0.00942804
-0.0081485,-0.0110584,-0.0146249,-0.0192361,-0.025784,-0.0373666,-0.0635941,-0.0373666,-0.025784,-0.0192361,-0.0146249,-0.0110584,-0.0081485,-0.00569021,-0.00356181,-0.00168506,-6.63644e-06,0.00151142,0.00289713,0.00417173,0.00535174,0.00645023,0.00747775,0.00844292,0.00935287,0.0102136,0.0110301,0.0118068,0.0125473,0.0132549,0.0139324,0.0145822,0.0152065,0.0158072,0.0163861,0.0169446,0.0174842,0.0180061,0.0185115,0.0190013,0.0194764,0.0199378,0.0203862,0.0208223,0.0212467,0.0216602,0.0220631,0.0224562,0.0228397,0.0232142,0.0234,0.0234084,0.0234252,0.0234503,0.0234836,0.0235251,0.0235746,0.023632,0.0236971,0.0237696,0.0238495,0.0239365,0.0240302,0.0241306,0.0242373,0.02435,0.0244685,0.0245925,0.0247218,0.0248559,0.0249948,0.025138,0.0252853,0.0254365,0.0255912,0.0257493,0.0259104,0.0260743,0.0262408,0.0264096,0.0265806,0.0267535,0.0269281,0.0271043,0.0272818,0.0274605,0.0276402,0.0278207,0.028002,0.0281838,0.0281757,0.0279772,0.0277784,0.0275795,0.0273805,0.0271817,0.0269832,0.0267851,0.0265876,0.0263908,0.026195,0.0260003,0.0258069,0.0256151,0.025425,0.025237,0.0250513,0.0248681,0.0246878,0.0245106,0.0243368,0.0241668,0.0240009,0.0238395,0.0236828,0.0235312,0.0233851,0.0232449,0.0231109,0.0229834,0.0228629,0.0227497,0.022644,0.0225463,0.0224569,0.022376,0.022304,0.022241,0.0221873,0.0221431,0.0221086,0.0220838,0.0220689,0.022064,0.0220689,0.0220838,0.0221086,0.0221431,0.0221873,0.022241,0.0220756,0.0216785,0.0212715,0.0208542,0.020426,0.0199864,0.0195348,0.0190704,0.0185927,0.0181009,0.0175941,0.0170714,0.016532,0.0159747,0.0153985,0.0148021,0.0141841,0.0135432,0.0128777,0.0121859,0.011466,0.0107159,0.00993355,0.00911656,0.00826254,0.00736904,0.00643363,0.00545406,0.00442855,0.00335619,0.0022376,0.001076,-0.000121222,-0.00134023,-0.00255756,-0.00373643,-0.00482341,-0.00574813,-0.00642986,-0.00679378
-0.00569021,-0.0081485,-0.0110584,-0.0146249,-0.0192361,-0.025784,-0.0373666,-0.0635941,-0.0373666,-0.025784,-0.0192361,-0.0146249,-0.0110584,-0.0081485,-0.00569021,-0.00356181,-0.00168506,-6.63644e-06,0.00151142,0.00289713,0.00417173,0.00535174,0.00645023,0.00747775,0.00844292,0.00935287,0.0102136,0.0110301,0.0118068,0.0125473,0.0132549,0.0139324,0.0145822,0.0152065,0.0158072,0.0163861,0.0169446,0.0174842,0.0180061,0.0185115,0.0190013,0.0194764,0.0199378,0.0203862,0.0208223,0.0212467,0.0216602,0.0220631,0.0224562,0.0228397,0.0230299,0.0230387,0.0230563,0.0230826,0.0231175,0.0231609,0.0232128,0.0232728,0.0233409,0.0234167,0.0235002,0.023591,0.0236889,0.0237937,0.0239049,0.0240224,0.0241459,0.024275,0.0244094,0.024549,0.0246932,0.0248419,0.0249948,0.0251515,0.0253118,0.0254754,0.0256421,0.0258116,0.0259836,0.026158,0.0263344,0.0265126,0.0266926,0.026874,0.0270566,0.0272404,0.0274251,0.0276105,0.0277966,0.0279831,0.0279772,0.0277784,0.0275795,0.0273805,0.0271817,0.0269832,0.0267851,0.0265876,0.0263908,0.026195,0.0260003,0.0258069,0.0256151,0.025425,0.025237,0.0250513,0.0248681,0.0246878,0.0245106,0.0243368,0.0241668,0.0240009,0.0238395,0.0236828,0.0235312,0.0233851,0.0232449,0.0231109,0.0229834,0.0228629,0.0227497,0.022644,0.0225463,0.0224569,0.022376,0.022304,0.022241,0.0221873,0.0221431,0.0221086,0.0220838,0.0220689,0.022064,0.0220689,0.0220838,0.0221086,0.0221431,0.0221873,0.022241,0.022304,0.0221448,0.0217513,0.0213481,0.0209349,0.0205111,0.0200763,0.0196299,0.0191712,0.0186997,0.0182146,0.0177153,0.0172008,0.0166703,0.016123,0.0155578,0.0149737,0.0143694,0.0137438,0.0130956,0.0124233,0.0117256,0.0110007,0.0102472,0.00946335,0.0086477,0.00779878,0.0069154,0.00599686,0.00504322,0.00405577,0.00303766,0.00199483,0.000937292,-0.000119309,-0.00115177,-0.00212763,-0.00300449,-0.00373169,-0.00425604,-0.00453169
-0.00356181,-0.00569021,-0.0081485,-0.0110584,-0.0146249,-0.0192361,-0.025784,-0.0373666,-0.0635941,-0.0373666,-0.025784,-0.0192361,-0.0146249,-0.0110584,-0.0081485,-0.00569021,-0.00356181,-0.00168506,-6.63644e-06,0.00151142,0.00289713,0.00417173,0.00535174,0.00645023,0.00747775,0.00844292,0.00935287,0.0102136,0.0110301,0.0118068,0.0125473,0.0132549,0.0139324,0.0145822,0.0152065,0.0158072,0.0163861,0.0169446,0.0174842,0.0180061,0.0185115,0.0190013,0.0194764,0.0199378,0.0203862,0.0208223,0.0212467,0.0216602,0.0220631,0.0224562,0.022651,0.0226602,0.0226787,0.0227063,0.0227429,0.0227884,0.0228427,0.0229056,0.0229768,0.0230562,0.0231436,0.0232385,0.0233408,0.0234502,0.0235663,0.0236889,0.0238176,0.0239521,0.0240921,0.0242372,0.0243872,0.0245416,0.0247003,0.0248629,0.0250291,0.0251986,0.0253711,0.0255464,0.0257242,0.0259042,0.0260863,0.0262701,0.0264556,0.0266424,0.0268304,0.0270193,0.0272092,0.0273996,0.0275906,0.027782,0.0277784,0.0275795,0.0273805,0.0271817,0.0269832,0.0267851,0.0265876,0.0263908,0.026195,0.0260003,0.0258069,0.0256151,0.025425,0.025237,0.0250513,0.0248681,0.0246878,0.0245106,0.0243368,0.0241668,0.0240009,0.0238395,0.0236828,0.0235312,0.0233851,0.0232449,0.0231109,0.0229834,0.0228629,0.0227497,0.022644,0.0225463,0.0224569,0.022376,0.022304,0.022241,0.0221873,0.0221431,0.0221086,0.0220838,0.0220689,0.022064,0.0220689,0.0220838,0.0221086,0.0221431,0.0221873,0.022241,0.022304,0.022376,0.0222232,0.0218336,0.0214347,0.0210261,0.0206073,0.0201778,0.0197372,0.0192849,0.0188203,0.0183427,0.0178515,0.0173461,0.0168256,0.0162892,0.0157361,0.0151654,0.014576,0.0139671,0.0133376,0.0126863,0.0120122,0.0113141,0.010591,0.00984201,0.00906619,0.00826304,0.00743245,0.00657495,0.005692,0.00478647,0.0038631,0.00292932,0.00199612,0.00107904,0.000199152,-0.000616366,-0.00133466,-0.00191925,-0.00233417,-0.00255001
-0.00168506,-0.00356181,-0.00569021,-0.0081485,-0.0110584,-0.0146249,-0.0192361,-0.025784,-0.0373666,-0.0635941,-0.0373666,-0.025784,-0.0192361,-0.0146249,-0.0110584,-0.0081485,-0.00569021,-0.00356181,-0.00168506,-6.63644e-06,0.00151142,0.00289713,0.00417173,0.00535174,0.00645023,0.00747775,0.00844292,0.00935287,0.0102136,0.0110301,0.0118068,0.0125473,0.0132549,0.0139324,0.0145822,0.0152065,0.0158072,0.0163861,0.0169446,0.0174842,0.0180061,0.0185115,0.0190013,0.0194764,0.0199378,0.0203862,0.0208223,0.0212467,0.0216602,0.0220631,0.0222629,0.0222726,0.0222919,0.0223209,0.0223593,0.0224071,0.022464,0.02253,0.0226046,0.0226878,0.0227793,0.0228787,0.0229857,0.0231,0.0232213,0.0233493,0.0234835,0.0236237,0.0237696,0.0239206,0.0240766,0.0242372,0.024402,0.0245707,0.024743,0.0249187,0.0250973,0.0252786,0.0254624,0.0256484,0.0258364,0.026026,0.0262172,0.0264096,0.0266031,0.0267975,0.0269926,0.0271883,0.0273844,0.0275807,0.0275795,0.0273805,0.0271817,0.0269832,0.0267851,0.0265876,0.0263908,0.026195,0.0260003,0.0258069,0.0256151,0.025425,0.025237,0.0250513,0.0248681,0.0246878,0.0245106,0.0243368,0.0241668,0.0240009,0.0238395,0.0236828,0.0235312,0.0233851,0.0232449,0.0231109,0.0229834,0.0228629,0.0227497,0.022644,0.0225463,0.0224569,0.022376,0.022304,0.022241,0.0221873,0.0221431,0.0221086,0.0220838,0.0220689,0.022064,0.0220689,0.0220838,0.0221086,0.0221431,0.0221873,0.022241,0.022304,0.022376,0.0224569,0.0223105,0.0219252,0.021531,0.0211274,0.0207141,0.0202905,0.0198563,0.0194108,0.0189537,0.0184843,0.0180021,0.0175064,0.0169967,0.0164721,0.015932,0.0153756,0.0148022,0.014211,0.0136012,0.012972,0.0123227,0.0116525,0.0109609,0.0102475,0.00951207,0.00875485,0.00797657,0.00717869,0.0063637,0.00553543,0.00469953,0.003864,0.00303976,0.00224122,0.0014867,0.000798346,0.00020142,-0.000277533,-0.000613583,-0.000787064
-6.63644e-06,-0.00168506,-0.00356181,-0.00569021,-0.0081485,-0.0110584,-0.0146249,-0.0192361,-0.025784,-0.0373666,-0.0635941,-0.0373666,-0.025784,-0.0192361,-0.0146249,-0.0110584,-0.0081485,-0.00569021,-0.00356181,-0.00168506,-6.63644e-06,0.00151142,0.00289713,0.00417173,0.00535174,0.00645023,0.00747775,0.00844292,0.00935287,0.0102136,0.0110301,0.0118068,0.0125473,0.0132549,0.0139324,0.0145822,0.0152065,0.0158072,0.0163861,0.0169446,0.0174842,0.0180061,0.0185115,0.0190013,0.0194764,0.0199378,0.0203862,0.0208223,0.0212467,0.0216602,0.0218651,0.0218753,0.0218956,0.021926,0.0219664,0.0220166,0.0220764,0.0221456,0.022224,0.0223112,0.022407,0.0225111,0.0226232,0.0227428,0.0228696,0.0230033,0.0231435,0.0232898,0.0234418,0.0235992,0.0237615,0.0239285,0.0240997,0.0242749,0.0244537,0.0246357,0.0248208,0.0250085,0.0251985,0.0253907,0.0255848,0.0257804,0.0259775,0.0261757,0.0263749,0.0265749,0.0267755,0.0269765,0.0271778,0.0273793,0.0273805,0.0271817,0.0269832,0.0267851,0.0265876,0.0263908,0.026195,0.0260003,0.0258069,0.0256151,0.025425,0.025237,0.0250513,0.0248681,0.0246878,0.0245106,0.0243368,0.0241668,0.0240009,0.0238395,0.0236828,0.0235312,0.0233851,0.0232449,0.0231109,0.0229834,0.0228629,0.0227497,0.022644,0.0225463,0.0224569,0.022376,0.022304,0.022241,0.0221873,0.0221431,0.0221086,0.0220838,0.0220689,0.022064,0.0220689,0.0220838,0.0221086,0.0221431,0.0221873,0.022241,0.022304,0.022376,0.0224569,0.0225463,0.0224063,0.0220258,0.0216367,0.0212385,0.0208311,0.0204139,0.0199865,0.0195485,0.0190994,0.0186388,0.0181662,0.0176809,0.0171825,0.0166705,0.0161441,0.0156029,0.0150462,0.0144736,0.0138843,0.013278,0.0126541,0.0120124,0.0113527,0.010675,0.00997983,0.00926784,0.00854045,0.00779979,0.00704898,0.00629241,0.00553609,0.00478798,0.00405835,0.00336007,0.00270862,0.00212188,0.00161928,0.0012204,0.000942943,0.000800514
0.00151142,-6.63644e-06,-0.00168506,-0.00356181,-0.00569021,-0.0081485,-0.0110584,-0.0146249,-0.0192361,-0.025784,-0.0373666,-0.0635941,-0.0373666,-0.025784,-0.0192361,-0.0146249,-0.0110584,-0.0081485,-0.00569021,-0.00356181,-0.00168506,-6.63644e-06,0.00151142,0.00289713,0.00417173,0.00535174,0.00645023,0.00747775,0.00844292,0.00935287,0.0102136,0.0110301,0.0118068,0.0125473,0.0132549,0.0139324,0.0145822,0.0152065,0.0158072,0.0163861,0.0169446,0.0174842,0.0180061,0.0185115,0.0190013,0.0194764,0.0199378,0.0203862,0.0208223,0.0212467,0.021457,0.0214678,0.0214892,0.0215212,0.0215637,0.0216164,0.0216793,0.021752,0.0218344,0.021926,0.0220265,0.0221357,0.0222531,0.0223784,0.0225111,0.0226509,0.0227974,0.0229501,0.0231087,0.0232727,0.0234418,0.0236155,0.0237936,0.0239755,0.0241611,0.0243499,0.0245416,0.0247359,0.0249325,0.0251311,0.0253316,0.0255335,0.0257367,0.0259409,0.026146,0.0263517,0.026558,0.0267645,0.0269711,0.0271778,0.0271817,0.0269832,0.0267851,0.0265876,0.0263908,0.026195,0.0260003,0.0258069,0.0256151,0.025425,0.025237,0.0250513,0.0248681,0.0246878,0.0245106,0.0243368,0.0241668,0.0240009,0.0238395,0.0236828,0.0235312,0.0233851,0.0232449,0.0231109,0.0229834,0.0228629,0.0227497,0.022644,0.0225463,0.0224569,0.022376,0.022304,0.022241,0.0221873,0.0221431,0.0221086,0.0220838,0.0220689,0.022064,0.0220689,0.0220838,0.0221086,0.0221431,0.0221873,0.022241,0.022304,0.022376,0.0224569,0.0225463,0.022644,0.0225105,0.022135,0.0217513,0.021359,0.0209578,0.0205474,0.0201273,0.0196972,0.0192567,0.0188054,0.0183428,0.0178685,0.0173821,0.0168831,0.0163711,0.0158456,0.0153063,0.0147527,0.0141845,0.0136014,0.0130034,0.0123903,0.0117625,0.0111202,0.0104645,0.00979635,0.00911776,0.00843124,0.00774027,0.00704947,0.00636483,0.00569391,0.00504606,0.00443247,0.00386611,0.00336132,0.00293313,0.00259619,0.00236339,0.00224439
0.00289713,0.00151142,-6.63644e-06,-0.00168506,-0.00356181,-0.00569021,-0.0081485,-0.0110584,-0.0146249,-0.0192361,-0.025784,-0.0373666,-0.0635941,-0.0373666,-0.025784,-0.0192361,-0.0146249,-0.0110584,-0.0081485,-0.00569021,-0.00356181,-0.00168506,-6.63644e-06,0.00151142,0.00289713,0.00417173,0.00535174,0.00645023,0.00747775,0.00844292,0.00935287,0.0102136,0.0110301,0.0118068,0.0125473,0.0132549,0.0139324,0.0145822,0.0152065,0.0158072,0.0163861,0.0169446,0.0174842,0.0180061,0.0185115,0.0190013,0.0194764,0.0199378,0.0203862,0.0208223,0.0210383,0.0210496,0.0210722,0.0211059,0.0211506,0.0212062,0.0212724,0.0213489,0.0214355,0.0215318,0.0216374,0.021752,0.0218752,0.0220065,0.0221455,0.0222918,0.022445,0.0226045,0.0227701,0.0229412,0.0231173,0.0232982,0.0234834,0.0236726,0.0238652,0.0240611,0.0242598,0.024461,0.0246645,0.0248698,0.0250768,0.0252852,0.0254948,0.0257052,0.0259164,0.0261281,0.0263401,0.0265523,0.0267645,0.0269765,0.0269832,0.0267851,0.0265876,0.0263908,0.026195,0.0260003,0.0258069,0.0256151,0.025425,0.025237,0.0250513,0.0248681,0.0246878,0.0245106,0.0243368,0.0241668,0.0240009,0.0238395,0.0236828,0.0235312,0.0233851,0.0232449,0.0231109,0.0229834,0.0228629,0.0227497,0.022644,0.0225463,0.0224569,0.022376,0.022304,0.022241,0.0221873,0.0221431,0.0221086,0.0220838,0.0220689,0.022064,0.0220689,0.0220838,0.0221086,0.0221431,0.0221873,0.022241,0.022304,0.022376,0.0224569,0.0225463,0.022644,0.0227497,0.0226225,0.0222524,0.0218745,0.0214884,0.0210938,0.0206905,0.0202781,0.0198563,0.0194248,0.0189831,0.0185311,0.0180682,0.0175942,0.0171088,0.0166116,0.0161022,0.0155806,0.0150464,0.0144995,0.0139399,0.0133677,0.0127831,0.0121866,0.0115791,0.0109615,0.0103355,0.00970316,0.00906733,0.00843162,0.00780065,0.00718014,0.00657708,0.00599979,0.0054579,0.00496216,0.00452409,0.00415544,0.00386731,0.00366928,0.00356838
0.00417173,0.00289713,0.00151142,-6.63644e-06,-0.00168506,-0.00356181,-0.00569021,-0.0081485,-0.0110584,-0.0146249,-0.0192361,-0.025784,-0.0373666,-0.0635941,-0.0373666,-0.025784,-0.0192361,-0.0146249,-0.0110584,-0.0081485,-0.00569021,-0.00356181,-0.00168506,-6.63644e-06,0.00151142,0.00289713,0.00417173,0.00535174,0.00645023,0.00747775,0.00844292,0.00935287,0.0102136,0.0110301,0.0118068,0.0125473,0.0132549,0.0139324,0.0145822,0.0152065,0.0158072,0.0163861,0.0169446,0.0174842,0.0180061,0.0185115,0.0190013,0.0194764,0.0199378,0.0203862,0.0206082,0.0206201,0.020644,0.0206795,0.0207267,0.0207854,0.0208551,0.0209358,0.0210269,0.0211282,0.0212393,0.0213598,0.0214891,0.0216269,0.0217726,0.0219259,0.0220862,0.022253,0.022426,0.0226045,0.0227882,0.0229767,0.0231694,0.0233661,0.0235662,0.0237695,0.0239755,0.0241839,0.0243945,0.0246068,0.0248207,0.0250358,0.025252,0.0254689,0.0256863,0.0259041,0.0261221,0.0263401,0.0265579,0.0267755,0.0267851,0.0265876,0.0263908,0.026195,0.0260003,0.0258069,0.0256151,0.025425,0.025237,0.0250513,0.0248681,0.0246878,0.0245106,0.0243368,0.0241668,0.0240009,0.0238395,0.0236828,0.0235312,0.0233851,0.0232449,0.0231109,0.0229834,0.0228629,0.0227497,0.022644,0.0225463,0.0224569,0.022376,0.022304,0.022241,0.0221873,0.0221431,0.0221086,0.0220838,0.0220689,0.022064,0.0220689,0.0220838,0.0221086,0.0221431,0.0221873,0.022241,0.022304,0.022376,0.0224569,0.0225463,0.022644,0.0227497,0.0228629,0.0227422,0.0223777,0.0220058,0.0216262,0.0212386,0.0208427,0.0204384,0.0200252,0.0196029,0.0191714,0.0187302,0.0182791,0.0178179,0.0173463,0.0168641,0.0163712,0.0158675,0.0153528,0.0148273,0.014291,0.0137444,0.0131878,0.012622,0.012048,0.0114671,0.010881,0.0102922,0.00970346,0.00911843,0.00854156,0.00797821,0.0074347,0.00691834,0.00643732,0.00600056,0.00561736,0.00529697,0.00504792,0.00487746,0.00479084
0.00535174,0.00417173,0.00289713,0.00151142,-6.63644e-06,-0.00168506,-0.00356181,-0.00569021,-0.0081485,-0.0110584,-0.0146249,-0.0192361,-0.025784,-0.0373666,-0.0635941,-0.0373666,-0.025784,-0.0192361,-0.0146249,-0.0110584,-0.0081485,-0.00569021,-0.00356181,-0.00168506,-6.63644e-06,0.00151142,0.00289713,0.00417173,0.00535174,0.00645023,0.00747775,0.00844292,0.00935287,0.0102136,0.0110301,0.0118068,0.0125473,0.0132549,0.0139324,0.0145822,0.0152065,0.0158072,0.0163861,0.0169446,0.0174842,0.0180061,0.0185115,0.0190013,0.0194764,0.0199378,0.0201662,0.0201788,0.020204,0.0202416,0.0202914,0.0203533,0.020427,0.020512,0.0206082,0.0207149,0.0208319,0.0209586,0.0210946,0.0212393,0.0213922,0.0215529,0.0217208,0.0218954,0.0220762,0.0222627,0.0224544,0.0226508,0.0228515,0.0230561,0.023264,0.0234751,0.0236888,0.0239047,0.0241227,0.0243423,0.0245633,0.0247854,0.0250084,0.0252319,0.0254559,0.02568,0.0259041,0.0261281,0.0263517,0.0265749,0.0265876,0.0263908,0.026195,0.0260003,0.0258069,0.0256151,0.025425,0.025237,0.0250513,0.0248681,0.0246878,0.0245106,0.0243368,0.0241668,0.0240009,0.0238395,0.0236828,0.0235312,0.0233851,0.0232449,0.0231109,0.0229834,0.0228629,0.0227497,0.022644,0.0225463,0.0224569,0.022376,0.022304,0.022241,0.0221873,0.0221431,0.0221086,0.0220838,0.0220689,0.022064,0.0220689,0.0220838,0.0221086,0.0221431,0.0221873,0.022241,0.022304,0.022376,0.0224569,0.0225463,0.022644,0.0227497,0.0228629,0.0229834,0.0228691,0.0225105,0.0221449,0.021772,0.0213916,0.0210035,0.0206074,0.0202031,0.0197905,0.0193692,0.0189391,0.0185001,0.0180519,0.0175943,0.0171274,0.016651,0.0161652,0.0156701,0.0151658,0.0146526,0.014131,0.0136018,0.0130656,0.0125238,0.0119778,0.0114295,0.0108813,0.010336,0.00979724,0.00926913,0.00875661,0.00826533,0.00780165,0.00737254,0.00698538,0.00664773,0.00636691,0.00614961,0.00600138,0.00592622
0.00645023,0.00535174,0.00417173,0.00289713,0.00151142,-6.63644e-06,-0.00168506,-0.00356181,-0.00569021,-0.0081485,-0.0110584,-0.0146249,-0.0192361,-0.025784,-0.0373666,-0.0635941,-0.0373666,-0.025784,-0.0192361,-0.0146249,-0.0110584,-0.0081485,-0.00569021,-0.00356181,-0.00168506,-6.63644e-06,0.00151142,0.00289713,0.00417173,0.00535174,0.00645023,0.00747775,0.00844292,0.00935287,0.0102136,0.0110301,0.0118068,0.0125473,0.0132549,0.0139324,0.0145822,0.0152065,0.0158072,0.0163861,0.0169446,0.0174842,0.0180061,0.0185115,0.0190013,0.0194764,0.0197116,0.0197249,0.0197516,0.0197914,0.0198441,0.0199096,0.0199874,0.0200773,0.0201788,0.0202914,0.0204147,0.0205482,0.0206913,0.0208434,0.0210041,0.0211728,0.0213488,0.0215317,0.0217208,0.0219157,0.0221158,0.0223207,0.0225298,0.0227426,0.0229589,0.023178,0.0233997,0.0236236,0.0238493,0.0240765,0.0243049,0.0245342,0.0247642,0.0249946,0.0252252,0.0254558,0.0256863,0.0259164,0.0261459,0.0263749,0.0263908,0.026195,0.0260003,0.0258069,0.0256151,0.025425,0.025237,0.0250513,0.0248681,0.0246878,0.0245106,0.0243368,0.0241668,0.0240009,0.0238395,0.0236828,0.0235312,0.0233851,0.0232449,0.0231109,0.0229834,0.0228629,0.0227497,0.022644,0.0225463,0.0224569,0.022376,0.022304,0.022241,0.0221873,0.0221431,0.0221086,0.0220838,0.0220689,0.022064,0.0220689,0.0220838,0.0221086,0.0221431,0.0221873,0.022241,0.022304,0.022376,0.0224569,0.0225463,0.022644,0.0227497,0.0228629,0.0229834,0.0231109,0.0230028,0.0226504,0.0222912,0.0219253,0.0215523,0.0211721,0.0207846,0.0203894,0.0199866,0.0195759,0.0191571,0.0187302,0.0182951,0.0178518,0.0174002,0.0169403,0.0164724,0.0159965,0.0155131,0.0150226,0.0145255,0.0140226,0.013515,0.0130039,0.0124909,0.011978,0.0114675,0.0109622,0.0104655,0.00998123,0.00951389,0.00906847,0.00865048,0.00826583,0.00792067,0.00762116,0.00737316,0.00718197,0.00705191,0.00698607
0.00747775,0.00645023,0.00535174,0.00417173,0.00289713,0.00151142,-6.63644e-06,-0.00168506,-0.00356181,-0.00569021,-0.0081485,-0.0110584,-0.0146249,-0.0192361,-0.025784,-0.0373666,-0.0635941,-0.0373666,-0.025784,-0.0192361,-0.0146249,-0.0110584,-0.0081485,-0.00569021,-0.00356181,-0.00168506,-6.63644e-06,0.00151142,0.00289713,0.00417173,0.00535174,0.00645023,0.00747775,0.00844292,0.00935287,0.0102136,0.0110301,0.0118068,0.0125473,0.0132549,0.0139324,0.0145822,0.0152065,0.0158072,0.0163861,0.0169446,0.0174842,0.0180061,0.0185115,0.0190013,0.0192436,0.0192577,0.019286,0.0193282,0.0193841,0.0194534,0.0195358,0.0196309,0.0197382,0.0198572,0.0199874,0.0201281,0.0202789,0.0204391,0.0206081,0.0207852,0.0209699,0.0211616,0.0213596,0.0215634,0.0217725,0.0219863,0.0222042,0.0224259,0.0226507,0.0228784,0.0231085,0.0233406,0.0235744,0.0238094,0.0240455,0.0242823,0.0245196,0.0247571,0.0249946,0.0252319,0.0254688,0.0257052,0.0259408,0.0261757,0.026195,0.0260003,0.0258069,0.0256151,0.025425,0.025237,0.0250513,0.0248681,0.0246878,0.0245106,0.0243368,0.0241668,0.0240009,0.0238395,0.0236828,0.0235312,0.0233851,0.0232449,0.0231109,0.0229834,0.0228629,0.0227497,0.022644,0.0225463,0.0224569,0.022376,0.022304,0.022241,0.0221873,0.0221431,0.0221086,0.0220838,0.0220689,0.022064,0.0220689,0.0220838,0.0221086,0.0221431,0.0221873,0.022241,0.022304,0.022376,0.0224569,0.0225463,0.022644,0.0227497,0.0228629,0.0229834,0.0231109,0.0232449,0.023143,0.0227968,0.0224444,0.0220856,0.0217203,0.0213482,0.0209693,0.0205835,0.0201906,0.0197905,0.0193832,0.0189686,0.0185467,0.0181175,0.0176812,0.0172377,0.0167874,0.0163306,0.0158677,0.0153991,0.0149257,0.0144483,0.0139679,0.013486,0.0130041,0.0125242,0.0120485,0.0115799,0.0111214,0.0106765,0.0102493,0.00984425,0.00946601,0.00911964,0.00881027,0.00854296,0.00832246,0.00815298,0.00803796,0.00797982
0.00844292,0.00747775,0.00645023,0.00535174,0.00417173,0.00289713,0.00151142,-6.63644e-06,-0.00168506,-0.00356181,-0.00569021,-0.0081485,-0.0110584,-0.0146249,-0.0192361,-0.025784,-0.0373666,-0.0635941,-0.0373666,-0.025784,-0.0192361,-0.0146249,-0.0110584,-0.0081485,-0.00569021,-0.00356181,-0.00168506,-6.63644e-06,0.00151142,0.00289713,0.00417173,0.00535174,0.00645023,0.00747775,0.00844292,0.00935287,0.0102136,0.0110301,0.0118068,0.0125473,0.0132549,0.0139324,0.0145822,0.0152065,0.0158072,0.0163861,0.0169446,0.0174842,0.0180061,0.0185115,0.0187614,0.0187764,0.0188064,0.0188512,0.0189106,0.0189842,0.0190715,0.0191723,0.0192859,0.0194118,0.0195494,0.0196981,0.0198571,0.0200259,0.0202038,0.0203901,0.0205841,0.0207852,0.0209927,0.021206,0.0214245,0.0216477,0.021875,0.0221059,0.0223398,0.0225765,0.0228153,0.023056,0.0232981,0.0235414,0.0237854,0.02403,0.0242748,0.0245196,0.0247642,0.0250083,0.0252519,0.0254947,0.0257366,0.0259774,0.0260003,0.0258069,0.0256151,0.025425,0.025237,0.0250513,0.0248681,0.0246878,0.0245106,0.0243368,0.0241668,0.0240009,0.0238395,0.0236828,0.0235312,0.0233851,0.0232449,0.0231109,0.0229834,0.0228629,0.0227497,0.022644,0.0225463,0.0224569,0.022376,0.022304,0.022241,0.0221873,0.0221431,0.0221086,0.0220838,0.0220689,0.022064,0.0220689,0.0220838,0.0221086,0.0221431,0.0221873,0.022241,0.022304,0.022376,0.0224569,0.0225463,0.022644,0.0227497,0.0228629,0.0229834,0.0231109,0.0232449,0.0233851,0.0232893,0.0229496,0.022604,0.0222525,0.0218949,0.0215311,0.0211611,0.0207846,0.0204018,0.0200124,0.0196166,0.0192143,0.0188056,0.0183905,0.0179692,0.017542,0.0171091,0.0166708,0.0162278,0.0157806,0.01533,0.0148769,0.0144225,0.013968,0.0135153,0.0130661,0.0126227,0.0121876,0.0117637,0.0113542,0.0109628,0.0105932,0.0102497,0.00993643,0.00965777,0.00941786,0.00922059,0.00906937,0.00896693,0.00891521
0.00935287,0.00844292,0.00747775,0.00645023,0.00535174,0.00417173,0.00289713,0.00151142,-6.63644e-06,-0.00168506,-0.00356181,-0.00569021,-0.0081485,-0.0110584,-0.0146249,-0.0192361,-0.025784,-0.0373666,-0.0635941,-0.0373666,-0.025784,-0.0192361,-0.0146249,-0.0110584,-0.0081485,-0.00569021,-0.00356181,-0.00168506,-6.63644e-06,0.00151142,0.00289713,0.00417173,0.00535174,0.00645023,0.00747775,0.00844292,0.00935287,0.0102136,0.0110301,0.0118068,0.0125473,0.0132549,0.0139324,0.0145822,0.0152065,0.0158072,0.0163861,0.0169446,0.0174842,0.0180061,0.0182641,0.0182802,0.0183121,0.0183598,0.0184229,0.0185011,0.0185939,0.0187008,0.0188213,0.0189547,0.0191004,0.0192576,0.0194256,0.0196037,0.0197912,0.0199872,0.0201912,0.0204023,0.0206199,0.0208433,0.0210719,0.021305,0.0215422,0.0217827,0.0220263,0.0222723,0.0225203,0.0227699,0.0230208,0.0232725,0.0235248,0.0237774,0.0240299,0.0242823,0.0245342,0.0247854,0.0250357,0.0252851,0.0255334,0.0257803,0.0258069,0.0256151,0.025425,0.025237,0.0250513,0.0248681,0.0246878,0.0245106,0.0243368,0.0241668,0.0240009,0.0238395,0.0236828,0.0235312,0.0233851,0.0232449,0.0231109,0.0229834,0.0228629,0.0227497,0.022644,0.0225463,0.0224569,0.022376,0.022304,0.022241,0.0221873,0.0221431,0.0221086,0.0220838,0.0220689,0.022064,0.0220689,0.0220838,0.0221086,0.0221431,0.0221873,0.022241,0.022304,0.022376,0.0224569,0.0225463,0.022644,0.0227497,0.0228629,0.0229834,0.0231109,0.0232449,0.0233851,0.0235312,0.0234413,0.0231082,0.0227696,0.0224255,0.0220757,0.0217203,0.0213591,0.0209922,0.0206194,0.0202408,0.0198565,0.0194664,0.0190708,0.0186696,0.0182633,0.0178519,0.017436,0.0170159,0.0165922,0.0161655,0.0157368,0.0153069,0.014877,0.0144485,0.014023,0.0136023,0.0131886,0.0127841,0.0123916,0.0120139,0.0116543,0.0113162,0.0110031,0.0107186,0.0104665,0.01025,0.0100726,0.00993683,0.00984503,0.00979873
0.0102136,0.00935287,0.00844292,0.00747775,0.00645023,0.00535174,0.00417173,0.00289713,0.00151142,-6.63644e-06,-0.00168506,-0.00356181,-0.00569021,-0.0081485,-0.0110584,-0.0146249,-0.0192361,-0.025784,-0.0373666,-0.0635941,-0.0373666,-0.025784,-0.0192361,-0.0146249,-0.0110584,-0.0081485,-0.00569021,-0.00356181,-0.00168506,-6.63644e-06,0.00151142,0.00289713,0.00417173,0.00535174,0.00645023,0.00747775,0.00844292,0.00935287,0.0102136,0.0110301,0.0118068,0.0125473,0.0132549,0.0139324,0.0145822,0.0152065,0.0158072,0.0163861,0.0169446,0.0174842,0.0177509,0.017768,0.017802,0.0178528,0.0179201,0.0180033,0.0181021,0.0182158,0.0183438,0.0184854,0.0186398,0.0188063,0.018984,0.0191722,0.0193699,0.0195765,0.0197911,0.020013,0.0202413,0.0204754,0.0207147,0.0209584,0.0212059,0.0214567,0.0217103,0.0219661,0.0222236,0.0224826,0.0227425,0.0230031,0.0232639,0.0235248,0.0237854,0.0240454,0.0243048,0.0245633,0.0248206,0.0250767,0.0253314,0.0255846,0.0256151,0.025425,0.025237,0.0250513,0.0248681,0.0246878,0.0245106,0.0243368,0.0241668,0.0240009,0.0238395,0.0236828,0.0235312,0.0233851,0.0232449,0.0231109,0.0229834,0.0228629,0.0227497,0.022644,0.0225463,0.0224569,0.022376,0.022304,0.022241,0.0221873,0.0221431,0.0221086,0.0220838,0.0220689,0.022064,0.0220689,0.0220838,0.0221086,0.0221431,0.0221873,0.022241,0.022304,0.022376,0.0224569,0.0225463,0.022644,0.0227497,0.0228629,0.0229834,0.0231109,0.0232449,0.0233851,0.0235312,0.0236828,0.0235987,0.0232723,0.0229407,0.0226041,0.0222623,0.0219153,0.021563,0.0212055,0.0208429,0.020475,0.0201021,0.0197242,0.0193414,0.018954,0.0185623,0.0181665,0.0177671,0.0173646,0.0169595,0.0165526,0.0161447,0.0157369,0.0153302,0.014926,0.014526,0.0141317,0.0137452,0.0133687,0.0130046,0.0126556,0.0123244,0.0120142,0.0117278,0.0114685,0.0112394,0.0110432,0.0108827,0.0107602,0.0106775,0.0106358
0.0110301,0.0102136,0.00935287,0.00844292,0.00747775,0.00645023,0.00535174,0.00417173,0.00289713,0.00151142,-6.63644e-06,-0.00168506,-0.00356181,-0.00569021,-0.0081485,-0.0110584,-0.0146249,-0.0192361,-0.025784,-0.0373666,-0.0635941,-0.0373666,-0.025784,-0.0192361,-0.0146249,-0.0110584,-0.0081485,-0.00569021,-0.00356181,-0.00168506,-6.63644e-06,0.00151142,0.00289713,0.00417173,0.00535174,0.00645023,0.00747775,0.00844292,0.00935287,0.0102136,0.0110301,0.0118068,0.0125473,0.0132549,0.0139324,0.0145822,0.0152065,0.0158072,0.0163861,0.0169446,0.0172205,0.0172388,0.0172752,0.0173294,0.0174012,0.0174901,0.0175954,0.0177165,0.0178527,0.0180032,0.0181672,0.0183437,0.018532,0.018731,0.0189399,0.0191578,0.0193838,0.0196171,0.019857,0.0201025,0.020353,0.0206079,0.0208664,0.0211279,0.021392,0.0216581,0.0219256,0.0221943,0.0224637,0.0227334,0.023003,0.0232724,0.0235413,0.0238093,0.0240764,0.0243422,0.0246067,0.0248697,0.025131,0.0253906,0.025425,0.025237,0.0250513,0.0248681,0.0246878,0.0245106,0.0243368,0.0241668,0.0240009,0.0238395,0.0236828,0.0235312,0.0233851,0.0232449,0.0231109,0.0229834,0.0228629,0.0227497,0.022644,0.0225463,0.0224569,0.022376,0.022304,0.022241,0.0221873,0.0221431,0.0221086,0.0220838,0.0220689,0.022064,0.0220689,0.0220838,0.0221086,0.0221431,0.0221873,0.022241,0.022304,0.022376,0.0224569,0.0225463,0.022644,0.0227497,0.0228629,0.0229834,0.0231109,0.0232449,0.0233851,0.0235312,0.0236828,0.0238395,0.0237611,0.0234414,0.023117,0.0227878,0.022454,0.0221154,0.0217721,0.0214241,0.0210715,0.0207143,0.0203527,0.0199867,0.0196167,0.0192428,0.0188654,0.0184848,0.0181014,0.0177158,0.0173287,0.0169407,0.0165527,0.0161657,0.0157809,0.0153995,0.0150231,0.0146533,0.0142919,0.0139409,0.0136027,0.0132794,0.0129737,0.0126882,0.0124255,0.0121883,0.0119792,0.0118006,0.0116549,0.0115438,0.0114688,0.0114311
